$ Even Ken knows it's unethical.
1 0 1 26 <>1-26-1
2 0 1 33 <>1-33-6
3 0 1 40 <>1-40-10
4 0 1 41 <>1-41-11
5 0 1 42 <>1-42-12
=1
6 1 1 43 <>1-43-13
+6
7 0 1 43 <>1-43-14
8 0 1 43 <>1-43-15
9 0 1 44 <>1-44-16
10 0 1 44 <>1-44-17
11 0 1 45 <>1-45-18
12 0 1 46 <>1-46-20
13 0 1 46 <>1-46-21
14 0 1 46 <>1-46-22
15 0 1 47 <>1-47-23
16 0 2 70 <>2-70-9
17 0 3 90 <>3-90-6
18 0 3 90 <>3-90-7
19 0 3 92 <>3-92-9
20 0 3 92 <>3-92-10
21 0 3 93 <>3-93-11
22 0 3 93 <>3-93-12
23 0 4 100 <>4-100-1
24 0 4 100 <>4-100-2
25 0 4 100 <>4-100-3
26 0 4 101 <>4-101-4
27 0 4 101 <>4-101-5
28 0 4 102 <>4-102-6
29 0 4 102 <>4-102-8
30 0 4 106 <>4-106-13
31 0 4 113 <>4-113-16
32 0 5 124 <>5-124-3
33 0 5 124 <>5-124-4
34 0 5 124 <>5-124-5
35 0 5 124 <>5-124-6
36 0 5 124 <>5-124-7
37 0 5 124 <>5-124-8
38 0 5 124 <>5-124-9
39 0 5 124 <>5-124-10
40 0 5 131 <>5-131-11
41 0 5 131 <>5-131-12
42 0 5 131 <>5-131-13
43 0 5 131 <>5-131-14
44 0 5 131 <>5-131-15
45 0 5 131 <>5-131-16
46 0 5 131 <>5-131-17
47 0 5 131 <>5-131-18
48 0 5 131 <>5-131-19
49 0 5 131 <>5-131-20
50 0 6 148 <>6-148-6
51 0 6 149 <>6-149-7
52 0 6 149 <>6-149-8
53 0 6 152 <>6-152-10
54 0 6 154 <>6-154-12
55 0 6 154 <>6-154-13
56 0 6 154 <>6-154-14
57 0 6 155 <>6-155-15
58 0 6 155 <>6-155-16
59 0 6 156 <>6-156-17
60 0 6 156 <>6-156-18
61 0 6 158 <>6-158-19
62 0 6 158 <>6-158-20
63 0 6 160 <>6-160-21
64 0 6 161 <>6-161-23
65 0 6 161 <>6-161-24
66 0 6 162 <>6-162-25
67 0 6 162 <>6-162-26
68 0 6 162 <>6-162-27
69 0 6 162 <>6-162-28
70 0 6 162 <>6-162-29
71 0 6 163 <>6-163-31
72 0 6 164 <>6-164-32
73 0 6 164 <>6-164-33
74 0 6 164 <>6-164-34
75 0 6 165 <>6-165-37
76 0 6 165 <>6-165-38
77 0 6 167 <>6-167-40
78 0 6 167 <>6-167-41
79 0 6 168 <>6-168-42
80 0 6 169 <>6-169-43
81 0 6 169 <>6-169-44
82 0 6 169 <>6-169-45
83 0 6 170 <>6-170-46
84 0 7 176 <>7-176-1
85 0 7 180 <>7-180-6
86 0 7 180 <>7-180-7
87 0 7 181 <>7-181-8
88 0 7 181 <>7-181-9
89 0 7 181 <>7-181-10
90 0 7 182 <>7-182-11
91 0 7 182 <>7-182-12
92 0 7 182 <>7-182-13
93 0 7 183 <>7-183-14
94 0 7 183 <>7-183-15
95 0 7 183 <>7-183-16
96 0 7 184 <>7-184-18
97 0 7 185 <>7-185-20
98 0 7 186 <>7-186-21
99 0 7 186 <>7-186-22
100 0 7 187 <>7-187-23
101 0 7 187 <>7-187-24
102 0 7 188 <>7-188-25
103 0 7 188 <>7-188-26
104 0 7 189 <>7-189-27
105 0 7 189 <>7-189-28
106 0 7 190 <>7-190-29
107 0 7 190 <>7-190-30
108 0 7 190 <>7-190-31
109 0 7 190 <>7-190-32
110 0 7 191 <>7-191-33
111 0 7 191 <>7-191-34
112 0 7 192 <>7-192-35
113 0 7 192 <>7-192-36
114 0 7 193 <>7-193-37
115 0 7 193 <>7-193-38
116 0 7 193 <>7-193-39
117 0 7 193 <>7-193-49
118 0 7 194 <>7-194-41
119 0 7 194 <>7-194-42
120 0 7 195 <>7-195-43
121 0 7 195 <>7-195-44
122 0 8 198 <>8-198-1
123 0 8 200 <>8-200-3
124 0 8 200 <>8-200-4
125 0 8 201 <>8-201-5
126 0 8 203 <>8-203-0
127 0 8 203 <>8-203-9
128 0 8 203 <>8-203-10
129 0 8 203 <>8-203-11
130 0 8 203 <>8-203-12
131 0 8 204 <>8-204-13
132 0 8 204 <>8-204-14
133 0 8 205 <>8-205-15
134 0 8 205 <>8-205-16
135 0 8 205 <>8-205-17
136 0 8 206 <>8-206-18
137 0 8 207 <>8-207-21
138 0 8 208 <>8-208-22
139 0 8 209 <>8-209-23
140 0 8 209 <>8-209-24
141 0 8 210 <>8-210-25
142 0 8 210 <>8-210-26
143 0 8 211 <>8-211-25
144 0 8 211 <>8-211-26
145 0 8 213 <>8-213-30
146 0 8 213 <>8-213-31
147 0 8 213 <>8-213-32
148 0 8 213 <>8-213-33
149 0 8 213 <>8-213-34
150 0 8 214 <>8-214-35
151 0 8 215 <>8-215-36
152 0 9 222 <>9-222-1
153 0 9 223 <>9-223-2
154 0 9 223 <>9-223-3
155 0 9 226 <>9-226-4
156 0 9 226 <>9-226-5
157 0 9 227 <>9-227-6
158 0 9 227 <>9-227-7
159 0 9 233 <>9-233-9
160 0 9 236 <>9-236-11
161 0 9 236 <>9-236-12
162 0 9 236 <>9-236-13
163 0 9 236 <>9-236-14
164 0 10 245 <>10-245-0
165 0 10 246 <>10-246-2
166 0 10 246 <>10-246-3
167 0 10 246 <>10-246-4
168 0 10 247 <>10-247-8
169 0 10 248 <>10-248-11
170 0 10 248 <>10-248-12
171 0 10 249 <>10-249-14
172 0 10 250 <>10-250-15
173 0 10 252 <>10-252-16
174 0 10 254 <>10-254-17
175 0 10 254 <>10-254-18
176 0 10 256 <>10-256-19
177 0 10 256 <>10-256-20
178 0 10 257 <>10-257-21
179 0 10 257 <>10-257-22
180 0 10 257 <>10-257-23
181 0 10 257 <>10-257-24
182 0 10 257 <>10-257-25
183 0 10 257 <>10-257-26
184 0 10 260 <>10-260-27
185 0 10 260 <>10-260-28
186 0 10 260 <>10-260-29
187 0 10 261 <>10-261-30
188 0 10 262 <>10-262-31
189 0 11 264 <>11-264-1
190 0 11 264 <>11-264-2
191 0 11 265 <>11-265-3
192 0 11 265 <>11-265-4
193 0 11 267 <>11-267-5
194 0 11 270 <>11-270-6
195 0 11 270 <>11-270-7
196 0 11 271 <>11-271-8
197 0 11 271 <>11-271-9
198 0 11 271 <>11-271-10
199 0 11 272 <>11-272-11
200 0 11 272 <>11-272-12
201 0 11 272 <>11-272-13
202 0 11 272 <>11-272-14
203 0 11 273 <>11-273-15
204 0 11 274 <>11-274-16
205 0 11 274 <>11-274-17
206 0 11 275 <>11-275-18
207 0 11 276 <>11-276-19
208 0 11 277 <>11-277-20
209 0 11 277 <>11-277-21
210 0 11 277 <>11-277-22
211 0 11 277 <>11-277-23
212 0 11 278 <>11-278-24
213 0 11 278 <>11-278-25
214 0 11 278 <>11-278-26
215 0 11 279 <>11-279-27
216 0 11 280 <>11-280-28
217 0 11 280 <>11-280-29
218 0 11 281 <>11-281-30
219 0 11 281 <>11-281-31
220 0 11 282 <>11-282-32
221 0 11 282 <>11-282-33
222 0 11 283 <>11-283-34
223 0 11 283 <>11-283-35
224 0 11 284 <>11-284-36
225 0 12 290 <>12-290-1
226 0 12 290 <>12-290-2
227 0 12 290 <>12-290-3
228 0 12 291 <>12-291-4
229 0 12 292 <>12-292-5
230 0 13 313 <>13-313-5
231 0 13 316 <>13-316-11
232 0 13 319 <>13-319-21
233 0 13 319 <>13-319-22
234 0 13 322 <>13-322-25
235 0 13 322 <>13-322-27
236 0 13 323 <>13-323-29
237 0 13 325 <>13-325-35
238 0 13 325 <>13-325-36
239 0 13 332 <>13-332-50
240 0 14 338 <>14-338-1
241 0 14 338 <>14-338-2
242 0 14 341 <>14-341-7
243 0 14 341 <>14-341-8
244 0 14 341 <>14-341-9
245 0 14 342 <>14-342-10
246 0 14 343 <>14-343-12
247 0 14 343 <>14-343-13
248 0 14 343 <>14-343-14
249 0 14 343 <>14-343-15
250 0 14 343 <>14-343-16
251 0 14 344 <>14-344-18
252 0 14 345 <>14-345-20
253 0 14 345 <>14-345-22
254 0 14 346 <>14-346-23
255 0 14 346 <>14-346-25
256 0 14 347 <>14-347-28
257 0 14 347 <>14-347-29
258 0 14 347 <>14-347-30
259 0 14 347 <>14-347-31
260 0 14 348 <>14-348-34
261 0 14 348 <>14-348-35
262 0 14 348 <>14-348-36
263 0 14 349 <>14-349-38
264 0 14 350 <>14-350-39
265 0 14 350 <>14-350-40
266 0 14 350 <>14-350-41
267 0 14 350 <>14-350-42
268 0 14 351 <>14-351-43
269 0 14 351 <>14-351-44
270 0 14 352 <>14-352-45
271 0 14 352 <>14-352-46
272 0 14 352 <>14-352-47
273 0 14 352 <>14-352-48
274 0 14 353 <>14-353-52
275 0 14 353 <>14-353-54
276 0 14 354 <>14-354-56
277 0 14 355 <>14-355-61
278 0 14 356 <>14-356-63
279 0 14 356 <>14-356-65
280 0 14 356 <>14-356-67
281 0 14 357 <>14-357-70
282 0 14 358 <>14-358-72
283 0 14 358 <>14-358-73
284 0 14 359 <>14-359-74
285 0 14 359 <>14-359-75
286 0 14 359 <>14-359-72
287 0 14 362 <>14-362-81
288 0 15 369 <>15-369-1
289 0 15 369 <>15-369-2
290 0 15 369 <>15-369-3
291 0 15 370 <>15-370-4
292 0 15 370 <>15-370-5
293 0 15 370 <>15-370-6
294 0 15 370 <>15-370-7
295 0 15 370 <>15-370-8
296 0 15 372 <>15-372-11
297 0 15 372 <>15-372-12
298 0 15 372 <>15-372-13
299 0 15 372 <>15-372-14
300 0 15 373 <>15-373-15
301 0 15 373 <>15-373-16
302 0 15 373 <>15-373-17
303 0 15 374 <>15-374-18
304 0 15 374 <>15-374-19
305 0 15 375 <>15-375-20
306 0 15 375 <>15-375-21
307 0 15 375 <>15-375-22
308 0 15 375 <>15-375-23
309 0 15 375 <>15-375-24
310 0 15 375 <>15-375-25
311 0 15 375 <>15-375-26
312 0 15 377 <>15-377-27
313 0 15 377 <>15-377-28
314 0 15 378 <>15-378-33
315 0 15 378 <>15-378-34
316 0 15 378 <>15-378-35
317 0 15 378 <>15-378-36
318 0 15 379 <>15-379-37
319 0 15 379 <>15-379-38
320 0 15 379 <>15-379-39
321 0 15 379 <>15-379-40
322 0 15 379 <>15-379-41
323 0 15 380 <>15-380-42
324 0 15 380 <>15-380-43
325 0 15 380 <>15-380-44
326 0 15 380 <>15-380-45
327 0 15 380 <>15-380-46
328 0 15 380 <>15-380-47
329 0 15 381 <>15-381-48
330 0 15 381 <>15-381-49
331 0 15 381 <>15-381-50
332 0 15 381 <>15-381-51
333 0 15 381 <>15-381-52
334 0 15 382 <>15-382-53
335 0 15 382 <>15-382-54
336 0 16 395 <>16-395-9
337 0 16 397 <>16-397-11
338 0 16 403 <>16-403-25
339 0 17 406 <>17-406-1
340 0 17 408 <>17-408-2
341 0 17 409 <>17-409-3
342 0 17 409 <>17-409-4
343 0 17 410 <>17-410-5
344 0 17 411 <>17-411-6
345 0 17 412 <>17-412-7
346 0 17 412 <>17-412-9
347 0 17 413 <>17-413-10
348 0 17 413 <>17-413-12
349 0 17 414 <>17-414-13
350 0 17 414 <>17-414-14
351 0 17 415 <>17-415-15
352 0 17 415 <>17-415-16
353 0 17 416 <>17-416-17
354 0 17 416 <>17-416-18
355 0 17 417 <>17-417-19
356 0 17 417 <>17-417-21
357 0 17 418 <>17-418-22
358 0 17 418 <>17-418-23
359 0 17 418 <>17-418-24
360 0 17 419 <>17-419-25
361 0 17 419 <>17-419-26
362 0 17 420 <>17-420-27
363 0 17 421 <>17-421-28
364 0 17 421 <>17-421-29
365 0 17 421 <>17-421-30
366 0 17 422 <>17-422-31
367 0 17 422 <>17-422-32
368 0 17 423 <>17-423-33
369 0 17 423 <>17-423-34
370 0 17 424 <>17-424-35
371 0 18 433 <>18-433-1
372 0 18 433 <>18-433-2
373 0 18 433 <>18-433-3
374 0 18 433 <>18-433-4
375 0 18 433 <>18-433-5
376 0 18 434 <>18-434-6
377 0 18 434 <>18-434-7
378 0 18 434 <>18-434-8
379 0 18 434 <>18-434-9
380 0 18 434 <>18-434-10
381 0 18 435 <>18-435-11
382 0 18 436 <>18-436-12
383 0 18 436 <>18-436-13
384 0 18 436 <>18-436-14
385 0 18 436 <>18-436-15
386 0 18 436 <>18-436-16
387 0 18 437 <>18-437-17
388 0 18 437 <>18-437-18
389 0 18 437 <>18-437-19
390 0 18 437 <>18-437-20
391 0 18 438 <>18-438-21
392 0 18 438 <>18-438-22
393 0 18 438 <>18-438-23
394 0 18 438 <>18-438-24
395 0 18 438 <>18-438-25
396 0 18 438 <>18-438-26
397 0 18 439 <>18-439-27
398 0 18 439 <>18-439-28
399 0 18 440 <>18-440-29
400 0 18 440 <>18-440-30
401 0 18 440 <>18-440-31
402 0 18 440 <>18-440-32
403 0 18 441 <>18-441-33
404 0 18 441 <>18-441-34
405 0 18 441 <>18-441-35
406 0 18 442 <>18-442-36
407 0 18 442 <>18-442-37
408 0 18 443 <>18-443-38
409 0 18 443 <>18-443-39
410 0 18 443 <>18-443-40
411 0 18 444 <>18-444-41
412 0 18 444 <>18-444-42
413 0 18 444 <>18-444-43
414 0 18 445 <>18-445-44
415 0 18 445 <>18-445-45
416 0 18 445 <>18-445-46
417 0 18 446 <>18-446-25
418 0 19 450 <>19-450-1
419 0 19 450 <>19-450-2
420 0 19 451 <>19-451-3
421 0 19 451 <>19-451-4
422 0 19 452 <>19-452-6
423 0 19 452 <>19-452-7
424 0 19 452 <>19-452-8
425 0 19 455 <>19-455-9
426 0 19 456 <>19-456-12
427 0 19 456 <>19-456-13
428 0 19 456 <>19-456-14
429 0 19 456 <>19-456-15
430 0 19 457 <>19-457-16
431 0 19 457 <>19-457-17
432 0 19 457 <>19-457-18
433 0 19 458 <>19-458-9
434 0 19 458 <>19-458-21
435 0 19 458 <>19-458-22
436 0 19 459 <>19-459-23
437 0 19 459 <>19-459-24
438 0 19 459 <>19-459-25
439 0 19 460 <>19-460-28
440 0 19 460 <>19-460-29
441 0 19 461 <>19-461-30
442 0 19 461 <>19-461-31
443 0 19 461 <>19-461-32
444 0 19 461 <>19-461-33
445 0 19 461 <>19-461-34
446 0 19 461 <>19-461-35
447 0 19 461 <>19-461-36
448 0 19 462 <>19-462-37
449 0 19 462 <>19-462-38
450 0 19 462 <>19-462-39
451 0 19 462 <>19-462-40
452 0 19 462 <>19-462-41
453 0 19 462 <>19-462-42
454 0 19 463 <>19-463-43
455 0 19 463 <>19-463-44
456 0 21 503 <>21-503-1
457 0 21 503 <>21-503-2
458 0 21 503 <>21-503-3
459 0 21 503 <>21-503-4
460 0 21 504 <>21-504-5
461 0 21 504 <>21-504-6
462 0 21 506 <>21-506-7
463 0 22 511 <>22-511-1
464 0 22 512 <>22-512-2
465 0 22 512 <>22-512-3
466 0 22 521 <>22-521-7
467 0 22 521 <>22-521-9
468 0 22 522 <>22-522-10
469 0 22 525 <>22-525-14
470 0 22 523 <>22-523-12
471 0 22 526 <>22-526-15
472 0 22 526 <>22-526-16
473 0 23 541 <>23-541-1
474 0 23 542 <>23-542-2
475 0 23 546 <>23-546-3
476 0 23 546 <>23-546-4
477 0 23 546 <>23-546-5
478 0 23 546 <>23-546-6
479 0 23 546 <>23-546-7
480 0 23 546 <>23-546-8
481 0 23 547 <>23-547-9
482 0 23 547 <>23-547-10
483 0 23 547 <>23-547-11
484 0 23 547 <>23-547-12
485 0 23 547 <>23-547-13
486 0 23 547 <>23-547-14
487 0 23 547 <>23-547-15
488 0 23 548 <>23-548-16
489 0 23 549 <>23-549-17
490 0 23 549 <>23-549-18
491 0 23 549 <>23-549-19
492 0 23 549 <>23-549-20
493 0 23 550 <>23-550-21
494 0 23 550 <>23-550-22
495 0 23 551 <>23-551-23
496 0 23 552 <>23-552-24
497 0 23 552 <>23-552-25
498 0 23 553 <>23-553-26
499 0 23 555 <>23-555-27
500 0 23 556 <>23-556-28
501 0 23 556 <>23-556-29
502 0 23 557 <>23-557-30
503 0 23 557 <>23-557-31
504 0 23 557 <>23-557-32
505 0 23 558 <>23-558-33
506 0 23 558 <>23-558-34
507 0 23 558 <>23-558-35
508 0 24 576 <>24-576-5
509 0 24 577 <>24-577-6
510 0 24 578 <>24-578-7
511 0 24 578 <>24-578-8
512 0 24 582 <>24-582-15
513 0 25 586 <>25-586-3
514 0 25 586 <>25-586-4
515 0 25 593 <>25-593-13
516 0 26 603 <>26-603-1
517 0 26 603 <>26-603-2
518 0 26 617 <>26-617-10
519 0 26 618 <>26-618-11
520 0 26 618 <>26-618-12
521 0 26 618 <>26-618-13
522 0 26 618 <>26-618-14
523 0 26 618 <>26-618-15
524 0 27 632 <>27-632-2
525 0 27 632 <>27-632-3
526 0 27 632 <>27-632-4
527 0 27 638 <>27-638-11
528 0 27 642 <>27-642-13
529 0 28 658 <>28-658-1
530 0 28 661 <>28-661-4
531 0 28 662 <>28-662-5
532 0 28 664 <>28-664-7
533 0 28 665 <>28-665-9
534 0 28 665 <>28-665-10
535 0 28 666 <>28-666-11
536 0 28 668 <>28-668-13
537 0 28 668 <>28-668-14
538 0 28 668 <>28-668-0
539 0 28 669 <>28-669-16
540 0 28 669 <>28-669-17
541 0 28 669 <>28-669-18
542 0 28 670 <>28-670-19
543 0 28 671 <>28-671-22
544 0 28 675 <>28-675-24
545 0 28 675 <>28-675-25
546 0 28 675 <>28-675-26
547 0 28 675 <>28-675-27
548 0 29 687 <>29-687-2
549 0 29 687 <>29-687-3
550 0 29 689 <>29-689-5
551 0 0 0 <>0-0-6
552 0 29 691 <>29-691-7
553 0 29 694 <>29-694-8
554 0 29 694 <>29-694-9
555 0 30 698 <>30-698-1
556 0 30 699 <>30-699-2
557 0 30 700 <>30-700-3
558 0 30 700 <>30-700-4
559 0 30 702 <>30-702-7
560 0 30 703 <>30-703-10
561 0 30 703 <>30-703-11
562 0 30 704 <>30-704-12
563 0 30 704 <>30-704-13
564 0 30 705 <>30-705-14
565 0 30 705 <>30-705-15
566 0 30 705 <>30-705-16
567 0 30 706 <>30-706-17
568 0 30 706 <>30-706-18
569 0 30 707 <>30-707-19
570 0 30 707 <>30-707-20
571 0 30 708 <>30-708-21
572 0 30 708 <>30-708-22
573 0 30 708 <>30-708-23
574 0 30 708 <>30-708-24
575 0 30 708 <>30-708-25
576 0 30 709 <>30-709-26
577 0 30 709 <>30-709-27
578 0 30 709 <>30-709-28
579 0 30 709 <>30-709-29
580 0 30 709 <>30-709-30
581 0 30 710 <>30-710-31
582 0 30 710 <>30-710-32
583 0 30 711 <>30-711-33
584 0 30 711 <>30-711-34
585 0 30 711 <>30-711-35
586 0 30 711 <>30-711-36
587 0 30 712 <>30-712-37
588 0 30 712 <>30-712-38
589 0 30 712 <>30-712-39
590 0 30 712 <>30-712-40
591 0 30 713 <>30-713-41
592 0 30 714 <>30-714-42
593 0 30 714 <>30-714-43
594 0 30 714 <>30-714-44
595 0 30 714 <>30-714-45
596 0 30 715 <>30-715-46
597 0 30 715 <>30-715-47
598 0 30 715 <>30-715-48
599 0 30 715 <>30-715-49
600 0 30 716 <>30-716-50
601 0 30 716 <>30-716-52
602 0 30 716 <>30-716-53
603 0 30 716 <>30-716-54
604 0 30 717 <>30-717-55
605 0 30 717 <>30-717-56
606 0 30 717 <>30-717-57
607 0 30 717 <>30-717-58
608 0 30 718 <>30-718-59
609 0 30 718 <>30-718-61
610 0 32 747 <>32-747-1
611 0 32 747 <>32-747-2
612 0 32 753 <>32-753-8
613 0 32 756 <>32-756-12
614 0 32 756 <>32-756-13
615 0 32 758 <>32-758-14
616 0 32 759 <>32-759-15
617 0 32 759 <>32-759-16
618 0 32 761 <>32-761-18
619 0 32 763 <>32-763-22
